7.199230237865159900e-03
6.427579410966644501e-03
5.792285019564679185e-03
5.266501856897060942e-03
4.829702248957078864e-03
4.463077978577877775e-03
4.154484807159062633e-03
3.888135215042053203e-03
3.660929379697782163e-03
3.462594421181919464e-03
3.287930936395028897e-03
3.132776658386706575e-03
2.996582939988984458e-03
2.874064933461809111e-03
2.764447272407050647e-03
2.665505915471864419e-03
2.576682555777504591e-03
2.494420997699861760e-03
2.420755446512217086e-03
2.353292251784932197e-03
2.291465441284174041e-03
2.234757302546410210e-03
2.181801839342938174e-03
2.131934352148638634e-03
2.086968844062961261e-03
2.044902433296763404e-03
2.006275033914081251e-03
1.970144742841146296e-03
1.936282106820188436e-03
1.904878317267496820e-03
1.876210122825258328e-03
1.849370737894583464e-03
1.823793813073808353e-03
1.799932361678126648e-03
1.777832962231641611e-03
1.756984593138069973e-03
1.737531698830339141e-03
1.719200056456602352e-03
1.702110327697265108e-03
1.685694070595281091e-03
1.670898592363644986e-03
1.656515391001431216e-03
1.642893238677623109e-03
1.630044654526212290e-03
1.618193916615478156e-03
1.607129468700209396e-03
1.596600315335085620e-03
1.586678999792170497e-03
1.577430256721641449e-03
1.568806754390668703e-03
1.560560849539750512e-03
1.552648006660747697e-03
1.545149500816971446e-03
1.537991677525241043e-03
1.531323928788080966e-03
1.524878795528848870e-03
1.518793017151211060e-03
1.513203544175388418e-03
1.507883476013985617e-03
1.502609269778861596e-03
1.497648305978815930e-03
1.492839951497059890e-03
1.488466944008644396e-03
1.484275720525291518e-03
1.480310314440709670e-03
1.476606333629612968e-03
1.473071312977789361e-03
1.469643901892788828e-03
1.466483700069031587e-03
1.463320888558641104e-03
1.460421115406044254e-03
1.457622852190610177e-03
1.455050226826798496e-03
1.452685102559688607e-03
1.450428004731520865e-03
1.448199680198618841e-03
1.446249324853135856e-03
1.444148210832768477e-03
1.442411000603045388e-03
1.440633745985947685e-03
1.439070612036000415e-03
1.437528407233437710e-03
1.435960598768970834e-03
1.434540177678891556e-03
1.433151777045508796e-03
1.431908280723862741e-03
1.430604220782284199e-03
1.429428663246477870e-03
1.428432713249917557e-03
1.427254026416497658e-03
1.426299672648402486e-03
1.425314910177144382e-03
1.424311582192306887e-03
1.423579630823474523e-03
1.422816442589540245e-03
1.422012156156353315e-03
1.421254261472019434e-03
1.420476098603732328e-03
1.419804304625030267e-03
1.419175142957246685e-03
1.418466459012316175e-03
1.417920041633148349e-03
1.417482984628848797e-03
1.416950066223226059e-03
1.416570272089423934e-03
1.416109776458012500e-03
1.415724950889380622e-03
1.415334882726862172e-03
1.415027041237269150e-03
1.414657106417204846e-03
1.414371670195846290e-03
1.413939175260222692e-03
1.413655136743843235e-03
1.413375816265723334e-03
1.413113810689958219e-03
1.412847588965123044e-03
1.412575369356260969e-03
1.412230953598802349e-03
1.411956388534587985e-03
1.411738205723665589e-03
1.411574428681003964e-03
1.411351423824677969e-03
1.411099024298219980e-03
1.410868561643267285e-03
1.410646500085454376e-03
1.410360113336790516e-03
1.410186906767681896e-03
1.410014436239351516e-03
1.409841310252198717e-03
1.409667150209649271e-03
1.409426734273955956e-03
1.409145233001335776e-03
1.409093200091959429e-03
1.409039450824273046e-03
1.408825764227404067e-03
1.408717054490479272e-03
1.408549312378036024e-03
1.408359875889612662e-03
1.408264882630815007e-03
1.408057624267822867e-03
1.407877371557610720e-03
1.407703512567187645e-03
1.407537754462877527e-03
1.407410109253170527e-03
1.407260641328741653e-03
1.407201038973791276e-03
1.407087871797411396e-03
1.406984197722450404e-03
1.406937408357239547e-03
1.406776392928575301e-03
1.406648253494701718e-03
1.406571610812089182e-03
1.406422858477311645e-03
1.406287115989162491e-03
1.406127839284909871e-03
1.405998165731608658e-03
1.405952366722817721e-03
1.405812174206160338e-03
1.405728237680776722e-03
1.405558580257987820e-03
1.405443466124280593e-03
1.405409301735490368e-03
1.405237951397406322e-03
1.405216890219907052e-03
1.405133720093763080e-03
1.405085616859869319e-03
1.404904704752785215e-03
1.404818095950346579e-03
1.404788437495452973e-03
1.404677086868783226e-03
1.404629087951956602e-03
1.404485668852709134e-03
1.404397089399452405e-03
1.404282298087930177e-03
1.404165386686968657e-03
1.404144156757370938e-03
1.404070311038378314e-03
1.404079601218086518e-03
1.403931891824001122e-03
1.403927991901932678e-03
1.403912130551214802e-03
1.403821703211533033e-03
1.403822553093806097e-03
1.403664098425243430e-03
1.403602542791852802e-03
1.403613134727774896e-03
1.403571068904338340e-03
1.403466202452521459e-03
1.403305797733133548e-03
1.403162810461078790e-03
1.403062880960593162e-03
1.403098716770234070e-03
1.403126183474699175e-03
1.403030652656648333e-03
1.402944095983408440e-03
1.402855081252507487e-03
1.402854882791955892e-03
1.402809849551428642e-03
1.402730840151135980e-03
1.402776470090617150e-03
1.402674116050251028e-03
1.402479513447953303e-03
1.402393474100302679e-03
1.402325984867110013e-03
1.402337230302195528e-03
1.402226940347804955e-03
1.402137026963191794e-03
1.402116164807406347e-03
1.402155012276026314e-03
1.402201475562588279e-03
1.402068050230597480e-03
1.402066942719787422e-03
1.402076800551090409e-03
1.402056719743955022e-03
1.402045366321518676e-03
1.402089218457585381e-03
1.402065833887072973e-03
1.401923171705615886e-03
1.401970311443106760e-03
1.402029160621566777e-03
1.402007649527873146e-03
1.401872728712683699e-03
1.401930568246604301e-03
1.401973967909709348e-03
1.402003652421587431e-03
1.401964290648207876e-03
1.401915523480041972e-03
1.401912621751769377e-03
1.401868898855758178e-03
1.401697224845424106e-03
1.401650910492600747e-03
1.401582448670620580e-03
1.401578771529247936e-03
1.401539679196331812e-03
1.401622728482693160e-03
1.401553846748686619e-03
1.401625777834037941e-03
1.401500123048703573e-03
1.401561599213812636e-03
1.401645190582271510e-03
1.401596768755888770e-03
1.401545486521973451e-03
1.401536982948659851e-03
1.401423753995604399e-03
1.401456106941810801e-03
1.401425183719098942e-03
1.401285956740667971e-03
1.401230861058781405e-03
1.401209738425133154e-03
1.401282323259550643e-03
1.401283257549105002e-03
1.401403088724727068e-03
1.401500144771756617e-03
1.401527859255968745e-03
1.401604580317424411e-03
1.401641625350719903e-03
1.401720570354832770e-03
1.401774528157825363e-03
1.401793363503873839e-03
1.401908424744373240e-03
1.401854882809507475e-03
1.401865380191146112e-03
1.401903222292490321e-03
1.401925743177879959e-03
1.401912312834813559e-03
1.402017648505302820e-03
1.402076586736878848e-03
1.402112493289514334e-03
1.402110608210538388e-03
1.402132239752462836e-03
1.402269175749023015e-03
1.402375099487363202e-03
1.402458256256516314e-03
1.402545109543859711e-03
1.402560767370286416e-03
1.402636808530828083e-03
1.402795010679003338e-03
1.402919938969855295e-03
1.403041638073500557e-03
1.403104744811514617e-03
1.403177975686507742e-03
1.403183575456443469e-03
1.403275127388454654e-03
1.403351157143693188e-03
1.403315975110646123e-03
1.403267957068254652e-03
1.403214554182099583e-03
1.403270867547734687e-03
1.403295811579259676e-03
1.403210362908188314e-03
1.403202940469322089e-03
1.403181488459680996e-03
1.403202997780561611e-03
1.403204360673021307e-03
1.403211937266414132e-03
1.403196925098028564e-03
1.403258147198086728e-03
1.403297277836421152e-03
1.403252218073325038e-03
1.403268764799913771e-03
1.403191385388762383e-03
1.403080108629336771e-03
1.403047418696436828e-03
1.403060312513578628e-03
1.403043818326356633e-03
1.402848142299333283e-03
1.402837449051637115e-03
1.402975906306310480e-03
1.402881113791107966e-03
1.402861915970472252e-03
1.402839221750019514e-03
1.402813380354640512e-03
1.402821284848922937e-03
1.402759765010386586e-03
1.402720151463720134e-03
1.402804189279390889e-03
1.402909950973538341e-03
1.402958142005778387e-03
1.403083249270584056e-03
1.403174797001038388e-03
1.403192584742420220e-03
1.403341128858213169e-03
1.403451175040058840e-03
1.403553818344896930e-03
1.403566525933657274e-03
1.403790006137563794e-03
1.403819957246100472e-03
1.403802460597423484e-03
1.403974785164869210e-03
1.404088577709833698e-03
1.404172317630948425e-03
1.404249299682615738e-03
1.404283559462193029e-03
1.404282471361568453e-03
1.404359652749588962e-03
1.404426286417821603e-03
1.404503075966487312e-03
1.404440342939051144e-03
1.404444965001152689e-03
1.404423063662187197e-03
1.404455901808585472e-03
1.404523366425686638e-03
1.404610670430461944e-03
1.404721728705983410e-03
1.404754769265926162e-03
1.404943208221587836e-03
1.404975688764901597e-03
1.405031630699257088e-03
1.405056605718354827e-03
1.405212401600600732e-03
1.405233702731150704e-03
1.405356908858759052e-03
1.405432106425150022e-03
1.405469108232145154e-03
1.405504529858010677e-03
1.405542407858893002e-03
1.405663433754547826e-03
1.405655157664688392e-03
1.405713134671099417e-03
1.405715677360581777e-03
1.405711797666078615e-03
1.405639648621573963e-03
1.405555741291514456e-03
1.405555378656968583e-03
1.405520171432057732e-03
1.405557043685723862e-03
1.405661696450766739e-03
1.405751681196525408e-03
1.405737046694626900e-03
1.405712507844702856e-03
1.405662007482656869e-03
1.405640874298384009e-03
1.405627789111356992e-03
1.405470875036220592e-03
1.405449461780367221e-03
1.405355523494064562e-03
1.405306346392022751e-03
1.405217766556910450e-03
1.405208156240671897e-03
1.405211321745163024e-03
1.405208203618459138e-03
1.405137514467745844e-03
1.405079933441010951e-03
1.405043944504274188e-03
1.404989762361722296e-03
1.404903176602912513e-03
1.404882225998239312e-03
1.404805868133510681e-03
1.404688613603768997e-03
1.404613117028079587e-03
1.404621166129907135e-03
1.404609660855439838e-03
1.404502614402813312e-03
1.404381076027017266e-03
1.404380998165914501e-03
1.404261053528845166e-03
1.404283495306853785e-03
1.404191919206890021e-03
1.404170839451474202e-03
1.404106702886308853e-03
1.404154230569081094e-03
1.404045290140413680e-03
1.404124706056488966e-03
1.404162623929431156e-03
1.404254619524125539e-03
1.404272414853639100e-03
1.404297721135803947e-03
1.404260591107062660e-03
1.404216644569408930e-03
1.404276234598392454e-03
1.404279741094939787e-03
1.404340739970819877e-03
1.404335093185048698e-03
1.404373957445222056e-03
1.404406116636478224e-03
1.404488840158223768e-03
1.404524400325053582e-03
1.404675897043288803e-03
1.404752124425313583e-03
1.404802494319480014e-03
1.404903624462382292e-03
1.404915784227162880e-03
1.404800251141398145e-03
1.404822747784528108e-03
1.404779739048912877e-03
1.404718933083012227e-03
1.404856667210656633e-03
1.404916772224841775e-03
1.404913768991464728e-03
1.404891201633742164e-03
1.404850756828603065e-03
1.404905999936751151e-03
1.404890063857095828e-03
1.404879889626927184e-03
1.404901111640929207e-03
1.404901794842828991e-03
1.404907568497046040e-03
1.404909601288872184e-03
1.404819784635847474e-03
1.404909664444321587e-03
1.404975476375002960e-03
1.405179608856677422e-03
1.405295354272315675e-03
1.405409870222463359e-03
1.405406851888140428e-03
1.405318573771868144e-03
1.405224212843147026e-03
1.405142057082562051e-03
1.405115597000516914e-03
1.405064442738644930e-03
1.405046634357701206e-03
1.405013784893015911e-03
1.405151430585673553e-03
1.405188945799547111e-03
1.405165927378642082e-03
1.405139058615797890e-03
1.405140127286566088e-03
1.405076851148130603e-03
1.405029813594666811e-03
1.404995521563293668e-03
1.404947383258533123e-03
1.404951242849026682e-03
1.405084488416321730e-03
1.405129059036657477e-03
1.405122350876286761e-03
1.405216993725688906e-03
1.405223752289564993e-03
1.405197437022847554e-03
1.405135740448466494e-03
1.405252340305881845e-03
1.405261477989733611e-03
1.405205375994461343e-03
1.405207827730468265e-03
1.405275480553395354e-03
1.405411210627996671e-03
1.405386934211922236e-03
1.405383228417616051e-03
1.405356454707918420e-03
1.405328289683747652e-03
1.405348771356700792e-03
1.405451098982741977e-03
1.405641565321288054e-03
1.405782388878106751e-03
1.405829802110168582e-03
1.405944252127206383e-03
1.406036646936718437e-03
1.406058125438104309e-03
1.406032533664221089e-03
1.406159702936347509e-03
1.406142904048535451e-03
1.406171468793092783e-03
1.406120391696241267e-03
1.406144757014021794e-03
1.406177921482877407e-03
1.406235070710583910e-03
1.406273730246941460e-03
1.406315366407152661e-03
1.406349257965360759e-03
1.406416326835623412e-03
1.406487545944352761e-03
1.406412249352572991e-03
1.406371233163725750e-03
1.406220745741896096e-03
1.406137364131352036e-03
1.406113929791748653e-03
1.406166136619980880e-03
1.406047007568278582e-03
1.405943376404049415e-03
1.405798145924356136e-03
1.405720517020515870e-03
1.405658924226483707e-03
1.405478057514713630e-03
1.405312918526887720e-03
1.405235756920235378e-03
1.405207482519877033e-03
1.405204664305178749e-03
1.405043108776197385e-03
1.405066202277894258e-03
1.405012291243686257e-03
1.404934260149769826e-03
1.404763074422625893e-03
1.404831980664737832e-03
1.404958649079651126e-03
1.404859157692444661e-03
1.404884003593848867e-03
1.404856714405374601e-03
1.404895685345019640e-03
1.404847767617901401e-03
1.404870706150164288e-03
1.404891713706020191e-03
1.404951384116066414e-03
1.404880470591016303e-03
1.404947955776228701e-03
1.404889935125318637e-03
1.404860161255232004e-03
1.404821768356080908e-03
1.404664732081231486e-03
1.404553796999901847e-03
1.404506727470080513e-03
1.404352471340873220e-03
1.404258110046754287e-03
1.404204923388820744e-03
1.404165055955092526e-03
1.404149891473016653e-03
1.404131241119633243e-03
1.404187638781582634e-03
1.404218295011042767e-03
1.404237903401988870e-03
1.404210602354418434e-03
1.404194731095397865e-03
1.404233954283048806e-03
1.404374680063967063e-03
1.404440049289205385e-03
1.404424915542241666e-03
1.404507552760667684e-03
1.404477524793271452e-03
1.404501807958872389e-03
1.404536082941707387e-03
1.404539222043626329e-03
1.404478800916851957e-03
1.404509581513829677e-03
1.404588304657641146e-03
1.404636432041160348e-03
1.404689597775159431e-03
1.404690069471970816e-03
1.404713033916734797e-03
1.404706628547203358e-03
1.404728280944727604e-03
1.404745801728500424e-03
1.404652065791681288e-03
1.404571581273737334e-03
1.404510189149081253e-03
1.404508961193433065e-03
1.404530183272100375e-03
1.404447630779489696e-03
1.404437922465360524e-03
1.404359672044992562e-03
1.404281580781295731e-03
1.404280730476934521e-03
1.404333330583156132e-03
1.404265840108421442e-03
1.404338235970422006e-03
1.404343183803465457e-03
1.404237819672869963e-03
1.404233272829564453e-03
1.404175023862300935e-03
1.404042585628072822e-03
1.404057400337962004e-03
1.404132435394949904e-03
1.404059323186786180e-03
1.404011869484664537e-03
1.403964190910366675e-03
1.403964081197838767e-03
1.404008022991280530e-03
1.403932371304549703e-03
1.403939553271705675e-03
1.403800804398173691e-03
1.403861569580892605e-03
1.403787817540281873e-03
1.403679268692901386e-03
1.403631717942861214e-03
1.403569970538275308e-03
1.403566626141458966e-03
1.403450712273904884e-03
1.403416496020356294e-03
1.403402551481473109e-03
1.403252936294873245e-03
1.403286200799386133e-03
1.403275615339394725e-03
1.403204960464806772e-03
1.403289628257585334e-03
1.403231291262744401e-03
1.403302174430336646e-03
1.403237987039149953e-03
1.403211047682726385e-03
1.403190231443047359e-03
1.403207526905383105e-03
1.403268403131949097e-03
1.403273539470019891e-03
1.403211643031515967e-03
1.403132025735623128e-03
1.402975890189717828e-03
1.402944630697556400e-03
1.402947720468395755e-03
1.402898701081990718e-03
1.402878783314788881e-03
1.402926745315008581e-03
1.403072298957253267e-03
1.403090379302643397e-03
1.403152546056012865e-03
1.402966869570384948e-03
1.402995594079280541e-03
1.403059553440811529e-03
1.402911799670672520e-03
1.402844118816901509e-03
1.402726091603884173e-03
1.402557481773073931e-03
1.402429645675079550e-03
1.402481403234931683e-03
1.402355651936062955e-03
1.402277727706268892e-03
1.402298673479670642e-03
1.402351876152879446e-03
1.402289814531588151e-03
1.402292990357504199e-03
1.402236539167874040e-03
1.402306025421255460e-03
1.402351174058592874e-03
1.402393426905923848e-03
1.402460564499435165e-03
1.402489020836199338e-03
1.402485750211214738e-03
1.402671595675428554e-03
1.402821792514952160e-03
1.402883308970458544e-03
1.402854738199801020e-03
1.402937704000720284e-03
1.402979195134651655e-03
1.403024129255853961e-03
1.403111203938612163e-03
1.403226894677262870e-03
1.403207422587241307e-03
1.403227817406735994e-03
1.403376237881201732e-03
1.403409813493401541e-03
1.403629916697659826e-03
1.403819894034415887e-03
1.403953346033017012e-03
1.403969158051097520e-03
1.404104879335349963e-03
1.404106781091540856e-03
1.404167389397889803e-03
1.404132608018599654e-03
1.404202766363391378e-03
1.404187592111984110e-03
1.404229262231467988e-03
1.404162589661027936e-03
1.404254453079509203e-03
1.404059587354368520e-03
1.404065488356087688e-03
1.403985810796335408e-03
1.404018972689780433e-03
1.404160463818794570e-03
1.404228116613436992e-03
1.404273923766178505e-03
1.404252400465920772e-03
1.404274613971857356e-03
1.404401861997797577e-03
1.404373499247213875e-03
1.404280399994152322e-03
1.404287626089783907e-03
1.404338604971709648e-03
1.404395011181876728e-03
1.404416108106601706e-03
1.404385821860985916e-03
1.404380007276074052e-03
1.404349652377137603e-03
1.404282605192596744e-03
1.404255300238890260e-03
1.404256365994674014e-03
1.404286042594947567e-03
1.404341374678326048e-03
1.404310847700896217e-03
1.404317806311521869e-03
1.404333712580048800e-03
1.404408031808789545e-03
1.404441501914902848e-03
1.404347305862156583e-03
1.404395258541246911e-03
1.404329140778562803e-03
1.404336955763230881e-03
1.404415036197493357e-03
1.404557320490601360e-03
1.404624241434540479e-03
1.404654302237270556e-03
1.404697017674434289e-03
1.404761554375878133e-03
1.404891656995530371e-03
1.404879998818074410e-03
1.404818651091685727e-03
1.404729230815228219e-03
1.404790997835601634e-03
1.404808018690553890e-03
1.404905799890680297e-03
1.405006941466115881e-03
1.405158202978389623e-03
1.405253284172900026e-03
1.405264806894126637e-03
1.405347450217591873e-03
1.405346484300267450e-03
1.405406481663326514e-03
1.405518826135349932e-03
1.405518579790348676e-03
1.405629590505228952e-03
1.405601870213576575e-03
1.405574911909227530e-03
1.405614228357155143e-03
1.405689123069060699e-03
1.405790074536693518e-03
1.405861626024626238e-03
1.405855131705967005e-03
1.405813038251010547e-03
1.405747262512074738e-03
1.405757592357745420e-03
1.405779465155965408e-03
1.405737425642009488e-03
1.405732977646395078e-03
1.405644668235265680e-03
1.405539906140665461e-03
1.405458788001494189e-03
1.405481972608311689e-03
