1.927154829767637745e+00 3.243866785051977564e-01
3.329795748805725264e+00 2.616722743905333659e-01
1.166427774097687831e+00 6.052588507433410286e-02
2.100004438235734128e+00 1.357385167368088397e-01
1.457261025150331735e+00 1.035079160660680592e-01
2.200607805891962698e+00 1.753903745969611627e-01
2.418508676321543316e+00 1.744763642589357011e-01
1.796641285322562620e+00 1.518821342255668172e-01
2.184595065134948388e+00 1.918638594160228528e-01
1.506560214529321984e+00 2.562312300026267087e-01
1.575242861262579064e+00 2.418041235007789003e-01
1.643664346886248406e+00 2.395540121603935702e-01
1.651498206480597863e+00 2.873892100971722763e-01
1.691936387236545158e+00 2.813517967375985251e-01
1.375125626617718089e+00 2.371028818871390720e-01
1.458124820509982822e+00 2.302437892889232784e-01
1.804738096361306665e+00 2.874383653459676169e-01
1.979561601785514657e+00 2.874550817096287458e-01
2.256025921977641513e+00 3.128898371048349225e-01
2.402263035954310677e+00 3.517696290565107686e-01
2.465137462075821073e+00 3.429090789313058441e-01
1.737137198548190264e+00 2.942199150542444963e-01
1.891007090244056776e+00 3.009699964917461612e-01
1.999227950966194989e+00 3.097581500975831181e-01
1.938284138732918827e+00 2.908094809615641707e-01
1.992020237935145710e+00 2.986438762689848092e-01
1.921465734074732090e+00 2.820361164298158529e-01
1.490713006046648248e+00 2.370463646636528088e-01
1.506486175661668092e+00 2.361208662225092736e-01
1.454547625123558063e+00 2.257186901727128991e-01
